330283
331002
331081
331004
331121
331003
330304
330302
330303
330421
330822
331127
330881
330127
330703
330185
330503
330482
330824
330802
331181
331125
330502
331126
330328
331124
330122
330329
330109
331123
330902
330521
330782
330604
330783
330523
330921
330683
330922
330624
330903
330603
330483
330324
330322
330481
330424
331021
330727
330327
330602
330522
330784
331122
331102
330681
330402
330411
330225
330226
330803
330825
330781
330702
330723
330726
330281
330206
330282
330204
330205
330203
330212
330211
330183
330326
330381
330102
330103
330105
330104
330108
330106
330382
330110
330182
331022
331082
331024
331023